
random apx ratio acceptors:
0.8100415411726584
0.6554808809024317
0.664900062253987
0.6838778037924579
0.5633538953672842
0.8196571270193794
0.7033726500016062
0.6916183978071484
0.6186454393293436
0.5934150397422701
0.8243783753254039
0.60571775118584
0.9600532903437963
0.6051038253446676
0.8668783679417718
0.8430384669802986
0.7776543795791373
0.9567357258387642
0.8036546891948853
0.591516639184018
0.5294005195907235
0.7867462427111194
0.6748454544796171
0.5774748168503859
0.914130134735762
0.944738282859081
0.9179234832952364
0.6841091625351332
0.9045533356926877
0.8534966838572218
