maximum energy donor: 24.17872553119839
maxcut value donor:   26
apx ratio of donor:   0.9299509819691688

maximizing parameters
gamma: 0.41887902047863906, beta: 0.5235987755982988

optimization:

     fun: -24.190776694657654
   maxcv: 0.0
 message: 'Optimization terminated successfully.'
    nfev: 37
  status: 1
 success: True
       x: array([0.43434017, 0.48958358])

optimized apx ratio: 0.9304144882560637

apx ratio acceptors:
0.8996137954130339
0.8848541502802442
0.9009526340960675
0.9397853218835016
0.8828927517408091
0.9718022100957647
0.9476028742100472
0.907885274695082
0.9716178022706506
0.9709919577802274
0.9698926034324242
0.9714333944434017
0.8873558368500543
0.9428100130491454
0.9339706551567163
0.9708004573460843
0.9120914490905564
0.8525732017493295
0.9676310677834679
0.9714333944441121
0.8460387125642289
0.9073833638379376
0.9698926034318887
0.9426256052236311
0.8817417007821967
0.9312514160790157
0.9342221410687119
0.8602857688474759
0.9714333944445557
0.9369171664747865
[26 26 26 26 27 27 26 26 27 26 26 27 28 27 27 26 27 26 25 27 28 26 26 27
 27 26 27 26 27 28]
[23.38995868 23.00620791 23.42476849 24.43441837 23.8381043  26.23865967
 24.63767473 23.60501714 26.23368066 25.2457909  25.21720769 26.22870165
 24.84596343 25.45587035 25.21720769 25.24081189 24.62646913 22.16690325
 24.19077669 26.22870165 23.68908395 23.59196746 25.21720769 25.45089134
 23.80702592 24.21253682 25.22399781 22.36742999 26.22870165 26.23368066]
