
random apx ratio acceptors:
0.7866901490452137
0.5913943956006583
0.800605295695513
0.686495256976213
0.7526471681621233
0.7773135400380009
0.6093532862163448
0.6853520243718614
0.6403494660636818
0.7209704061341782
0.6497329998306886
0.6252147815079074
0.5109372363524244
0.5261061915122447
0.7453556031735258
0.6359087759095361
0.7441352605151452
0.9388880978351927
0.797587767370193
0.6529553301879594
0.5419259054655906
0.7732125900802831
0.6973639989079614
0.6503284616350359
0.5561017868178534
0.8393106219229215
0.8877350933526452
0.8966119440689144
0.942938062467381
0.8975263681304836
