
random apx ratio acceptors:
0.7526373905894703
0.6599652968926996
0.7890415771026497
0.6423285531797691
0.7984992305239913
0.8473172623421636
0.7464684435051417
0.7448888332742212
0.6509999136547342
0.7117283122508195
0.7202041004230214
0.6600107130638811
0.5999499528407307
0.6384052153640538
0.8087782721745045
0.7571738108721262
0.7929979736051678
0.9571570255446338
0.8130175728903323
0.6540880179239589
0.6018887627562456
0.7771965457951365
0.6514984899240753
0.6896088544240382
0.6151756092369194
0.9069347015872662
0.8717790517955689
0.8903810145645353
0.8762843062263886
0.8354638737147522
